10.433613445378151
3.8285714285714283
3.0285714285714285
7.394805194805195
3.838095238095238
3.3714285714285714
10.967857142857143
2.685714285714286
8.514285714285714
3.0285714285714285
3.8285714285714283
43.57120370370371
6.745454545454546
9.8
12.971428571428572
6.114285714285714
3.8285714285714283
6.114285714285714
40.634364713627384
4.014285714285714
49.22575216450217
8.076190476190476
8.044155844155846
5.457142857142857
6.114285714285714
2.685714285714286
3.8285714285714283
4.9714285714285715
3.0285714285714285
8.17142857142857
12.884821428571428
27.963612313612312
3.838095238095238
4.014285714285714
61.76740651638611
3.0285714285714285
3.0285714285714285
28.854792704086673
2.685714285714286
50.74533787725277
5.5285714285714285
4.014285714285714
7.228571428571429
4.9714285714285715
4.800000000000001
